# ed25519 info
HEX_ENCODED_PRIVATE_KEY=0xade67c3f0f258e11d6c3c8665af9cb4dcf25fc3f3a7326a14324f37f4b774d86
DER_ENCODED_PRIVATE_KEY=302e020100300506032b657004220420ade67c3f0f258e11d6c3c8665af9cb4dcf25fc3f3a7326a14324f37f4b774d86
DER_ENCODED_PUBLIC_KEY=302a300506032b657003210046fdb67f5042302929395400ca520f16195f241a21cc3c0aee22ea5764345df7
ACCOUNT_ID=0.0.5033014

# ecdsa info
EVM_ADDRESS=0x5fd3c2cf5630532824cae03e08b0df42a64da81a
HEX_ENCODED_PRIVATE_KEY_ECDSA=0x357e65a41fe1ac7c1b60c797d4eb4e3abc3ce6710659c7b11ed67c9dfed38472
DER_ENCODED_PRIVATE_KEY_ECDSA=3030020100300706052b8104000a04220420357e65a41fe1ac7c1b60c797d4eb4e3abc3ce6710659c7b11ed67c9dfed38472
DER_ENCODED_PUBLIC_KEY_ECDSA=302d300706052b8104000a032200024a6e6d5a2cf43a8955b97e89abbf7f5a5ad9054eb279082ce2052e4ae50a8478
ACCOUNT_ID_ECDSA=0.0.5032324

# USED VALUES
MY_PRIVATE_KEY=3030020100300706052b8104000a04220420357e65a41fe1ac7c1b60c797d4eb4e3abc3ce6710659c7b11ed67c9dfed38472
MY_ACCOUNT_ID=0.0.5032324